0.00 -0.43
0.17 -3.58
0.34 5.13
0.51 -1.21
0.68 -3.63
0.85 -0.38
1.02 4.60
1.19 -7.00
1.36 4.41
1.53 1.33
1.69 -2.90
1.86 -2.15
2.03 -5.01
2.20 -1.40
2.37 -0.68
2.54 12.65
2.71 -2.42
2.88 -2.64
3.05 3.60
3.22 11.74
3.39 6.28
3.56 -1.21
3.73 -3.09
3.90 2.81
4.07 12.68
4.24 5.68
4.41 11.20
4.58 7.88
4.75 0.76
4.92 -0.27
5.08 -0.12
5.25 1.59
5.42 11.03
5.59 16.67
5.76 2.57
5.93 10.08
6.10 5.77
6.27 5.98
6.44 2.02
6.61 6.48
6.78 9.86
6.95 9.36
7.12 12.56
7.29 11.65
7.46 7.97
7.63 12.60
7.80 14.44
7.97 18.00
8.14 10.72
8.31 17.15
8.47 6.38
8.64 11.31
8.81 9.91
8.98 14.08
9.15 2.34
9.32 9.84
9.49 12.31
9.66 12.65
9.83 13.85
10.00 14.19
